date_time,sentiment_1,sentiment_2,s1_removed,s2_removed,s1_scaled,s2_scaled
2018-01-01,0.18087534246575346,0.16529721135029352,0.49592666666666674,0.4636527777777777,0.6591384967639435,0.7426105990170323
2018-01-02,0.14023689320388322,0.07741045817047029,0.45431600000000005,0.4176208333333333,0.5266790627464075,0.34722966773521935
2018-01-03,-0.10397988980716286,0.02163909550746674,-0.2501393939393944,0.005108072518110449,-0.2693359782502088,0.09632799585941197
2018-01-04,-0.04785335051546394,0.02640517174220284,0.12088000000000002,0.16626672815393517,-0.08639372127494138,0.11776940303478473
2018-01-05,0.039272300469483566,0.07477163344827664,0.2239027777777778,0.3171572788065843,0.1975889263775051,0.3353582429937041
2018-01-06,0.21161415929203534,0.09526243724114297,0.646823076923077,0.6182011217948719,0.7593304665150704,0.42754133991343823
2018-01-07,0.13895106382978725,0.09984959780172546,0.5134384615384616,0.6269230769230769,0.5224879522530335,0.4481778493845685
2018-01-08,0.06604954545454542,0.03522427076891359,0.20076774193548383,0.1891111576595447,0.28486830784244055,0.15744436496121916
2018-01-09,0.19068499999999985,0.09315609592953346,0.48292222222222214,0.4688078703703703,0.6911126913627346,0.41806542734129515
2018-01-10,-0.006496875000000036,-0.04000311429022369,-0.30579729729729715,-0.3402828965328967,0.04840609119916099,-0.18098517631128352
2018-01-11,0.11045632183908052,0.050632363592133696,0.13695555555555552,0.14224426807760138,0.42961045655326213,0.22676159274930843
2018-01-12,0.06753140495867772,0.04812678884476403,0.11242941176470587,0.08834033613445375,0.28969837086837,0.21548962693912257
2018-01-13,0.12178666666666663,0.09718466982752695,0.39756153846153847,0.28926490176490177,0.4665412718364559,0.43618899251916937
2018-01-14,-0.19407019867549702,0.01866105472893553,-0.27945,-0.07062500000000002,-0.5629818121812094,0.08293052133897193
2018-01-15,0.05015434782608696,0.05804886991028296,0.38272941176470593,0.3303921568627451,0.23305853360880652,0.260126634337857
2018-01-16,0.11470441176470586,0.10659298370021408,0.48764047619047624,0.3783845827893446,0.44345693931587804,0.4785146874184165
2018-01-17,0.03091933333333333,0.09854590247715247,0.4086035714285714,0.326367050608122,0.1703627570891099,0.44231284410347965
2018-01-18,0.06315061728395062,0.09041984550086402,0.45043999999999984,0.4359494047619048,0.275419364988837,0.4057557082588981
2018-01-19,0.16506274509803923,0.10216067656018638,0.27308333333333334,0.36463293650793643,0.607597954845681,0.45857482547852285
2018-01-20,0.12458717948717947,0.0724337814962815,0.38426923076923075,0.37368881118881114,0.4756694337102909,0.32484082087335836
2018-01-21,0.08830333333333337,0.09285682720057718,0.33145263157894744,0.2180669476722109,0.35740365800247503,0.41671909078342784
2018-01-22,0.027815094339622648,0.06511898900656764,0.21252142857142856,0.13081349206349208,0.16024461164727866,0.29193336483389404
2018-01-23,0.02564435028248607,0.08449149841840518,0.3624222222222222,0.3459696168029502,0.1531691563967008,0.37908552981199983
2018-01-24,0.045081749049429645,0.04731479881194717,0.23796333333333328,0.28849711399711403,0.21652459653300113,0.2118366830795423
2018-01-25,0.013409677419354817,0.09429397420828865,0.30259393939393925,0.37851813590449956,0.1132907192940177,0.42318446243204483
2018-01-26,0.025283916083916103,0.07896949010585373,0.27171666666666666,0.34268518518518515,0.1519943352406205,0.3542433697575112
2018-01-27,0.021336842105263182,0.0015694222931064913,0.28612222222222217,0.1671296296296296,0.1391290021697481,0.006039462048412761
2018-01-28,0.11411500000000005,0.05863300865800869,0.3783478260869566,0.23023291925465836,0.44153577474945693,0.26275453119053777
2018-01-29,0.12223938053097348,0.14424141262498563,0.4622367346938776,0.5236113779927556,0.46801687494944777,0.6478857285708468
2018-01-30,0.06000445859872618,0.08648351118096341,0.3811111111111112,0.492361111111111,0.2651645839540401,0.38804710630321493
2018-01-31,-0.01218849557522123,0.06098593392841183,0.4403888888888889,0.33287037037037037,0.029854476811066448,0.273339764470746
2018-02-01,0.14535896551724123,0.16470376486540264,0.5853756097560967,0.49221974756273507,0.5433742568777662,0.7399408289393736
2018-02-02,0.11717816091954018,0.06249587072144533,0.5134733333333334,0.37260642135642136,0.45152002781709594,0.2801325994977124
2018-02-03,-0.1376184397163121,-0.029082363656831773,0.48419000000000006,0.26123484848484846,-0.37897951443497224,-0.1318553996441188
2018-02-04,0.09888360655737709,0.09014075178009603,0.36473500000000003,0.45541666666666664,0.39188964426580086,0.40450013411103575
2018-02-05,0.09267368421052635,0.0713143942270737,0.5326074999999999,0.34107061688311696,0.3716486455491377,0.31980497229605537
2018-02-06,0.09498304347826088,0.09427032749858838,0.5608472222222223,0.47440491221741216,0.37917591165065895,0.4230780816890458
2018-02-07,0.016714340101522774,0.06085894088638367,0.36560204081632625,0.2515346706864563,0.12406213790003108,0.2727684539443385
2018-02-08,-0.03405205479452058,0.06496258229838216,0.20194651162790705,0.21161082726489708,-0.04140893831423777,0.291229729442852
2018-02-09,0.04748100775193798,0.030855749726873754,0.24415937499999996,0.11911263866341994,0.22434488632181665,0.13779146102025938
2018-02-10,0.015619999999999997,0.09243867003367003,-0.0692030303030303,0.5138085399449033,0.12049517919212568,0.4148379043236705
2018-02-11,0.0951767441860465,0.05389566461029641,0.11553125000000003,0.22053571428571433,0.37980727152260546,0.24144238307244295
2018-02-12,0.2854513812154696,0.160218313689265,0.6358931818181818,0.5611320400125442,1.0,0.7197618850249049
2018-02-13,0.14904391891891886,0.09136544174044174,0.24137857142857144,0.2931794217687075,0.555385218192306,0.4100097136498568
2018-02-14,0.07914966887417219,0.09250744026288016,0.265947619047619,0.24086580086580084,0.32756764714404485,0.4151472847056484
2018-02-15,0.22479940828402356,0.11313000034153885,0.41639130434782606,0.36914800175669743,0.8023072692863745,0.5079231208163756
2018-02-16,0.014661445783132542,0.07113700472887219,0.18717368421052633,0.2520770676691729,0.1173708092580466,0.3190069404828307
2018-02-17,0.14931391752577322,0.157472086011068,0.38392786885245905,0.41592582736025363,0.5562652680785356,0.7074072807457392
2018-02-18,0.12824740740740737,0.04823291112180001,0.2939428571428572,0.24712430426716142,0.4875998032862647,0.2159670450164337
2018-02-19,0.14382475247524756,0.09029787978797879,0.22886666666666658,0.3210555555555555,0.5383735495452775,0.4052070144523771
2018-02-20,-0.008115789473684208,0.05632636786772126,0.004500000000000004,0.2489772727272727,0.04312930286688067,0.2523775204261233
2018-02-21,0.11897374999999992,0.044754411690051545,0.36117297297297296,0.2863792363792363,0.4573726801118016,0.20031812984973132
2018-02-22,0.015062499999999998,0.12652620455354832,0.42034583333333336,0.37879419191919195,0.1186780297731378,0.5681893555485699
2018-02-23,0.14737516778523485,0.06171265426718449,0.3986666666666667,0.2069767992424242,0.5499459892182983,0.27660910090575414
2018-02-24,0.003721487603305787,0.14332675560206548,-0.06717954545454542,0.30315488488783954,0.081712443966165,0.6437709111217862
2018-02-25,0.13076363636363633,0.1577441988426837,0.26521153846153844,0.25978778166278166,0.49580135303667183,0.7086314495867228
2018-02-26,0.19751161290322589,0.22251069072056978,0.5632073170731708,0.6896003061978672,0.7133637687990617,1.0
2018-02-27,0.08751180555555559,0.10317983071455292,0.31707142857142856,0.29310365560365564,0.35482370420605946,0.4631597498737693
2018-02-28,0.11220357142857144,0.12911124156101839,0.376026923076923,0.4045036994255745,0.4353055481700698,0.5798188025634143
2018-03-01,0.05957499999999997,0.06616507335257334,0.22518888888888886,0.3038291312596868,0.2637647804685608,0.2966394415514717
2018-03-02,0.103108,0.0824096981721982,0.3498631578947368,0.2207535885167465,0.40565888926999544,0.36972002146964605
2018-03-03,0.0692709677419355,0.10799048666387376,0.3213421052631579,0.13302923976608186,0.2953684076412666,0.4848017102432364
2018-03-04,0.18678205128205125,0.13577030222863548,0.6390250000000001,0.5878472222222222,0.678391182851237,0.6097762820806913
2018-03-05,0.1516524590163934,0.09971206502968802,0.33336666666666664,0.3931954465287799,0.5638876524928127,0.44755912319976254
2018-03-06,0.16440354609929086,0.15667483791818915,0.49687105263157916,0.4896764282866258,0.6054493215226802,0.7038206572556197
2018-03-07,0.11487696969696971,0.08547562338755518,0.497176923076923,0.5158573717948718,0.4440193851389364,0.3835128665006596
2018-03-08,0.011870545454545465,0.03994142835279199,-0.11651599999999993,-0.02566071428571429,0.10827397892523025,0.17866569913317135
2018-03-09,0.10163295880149806,0.038606364158798624,0.36064761904761905,0.2376803751803752,0.40085105024427164,0.17265957300786028
2018-03-10,-0.05112890625000002,0.07240995215360452,0.22237083333333332,0.2672368526535193,-0.0970702669249408,0.3247336185094232
2018-03-11,0.17389655172413793,0.18412275463999603,0.4850818181818182,0.4523863636363636,0.6363914016224821,0.8273020976611928
2018-03-12,0.10179398148148151,0.09135688621221032,0.35146562499999995,0.2738676995024652,0.40137589736422824,0.4099712244282465
2018-03-13,0.04203153153153153,0.04543406989240321,0.1374117647058823,0.09773556644880174,0.2065825319761666,0.20337574528409938
2018-03-14,0.029072556390977455,0.011198868948164053,0.13017307692307684,0.22942307692307692,0.16434325996300728,0.04935997905983498
2018-03-15,0.0667991525423729,0.07794881523059491,0.2751388888888889,0.3381558641975309,0.28731162279152556,0.34965160401222223
2018-03-16,0.0036807339449541356,0.03393787781074806,0.052719999999999996,0.1825378787878788,0.08157960901263078,0.15165719877983586
2018-03-17,0.12026762589928058,0.0695185345230309,0.3858714285714285,0.4901785714285714,0.4615900179389232,0.3117258402705145
2018-03-18,0.11186625000000001,0.09171263603294856,0.29726363636363634,0.3404545454545454,0.4342060621827321,0.4115716555550971
2018-03-19,-0.003471153846153832,0.04003446726884227,0.10787619047619046,0.23837481962481966,0.05826831081661568,0.17908425838064
2018-03-20,0.0881390909090909,0.07956939525121344,0.3713166666666667,0.29811507936507936,0.3568683162521874,0.35694219576337993
2018-03-21,0.104068661971831,0.0805665540183743,0.3602611111111111,0.19885981591710758,0.40879012934884107,0.3614281683102233
2018-03-22,0.1127794520547945,0.08236319283836406,0.2092176470588235,0.1735608182667006,0.4371826085204691,0.36951080538718034
2018-03-23,0.03329055555555559,0.06865296483352037,0.29266086956521736,0.4322087332956899,0.17809166306830693,0.30783185468627344
2018-03-24,-0.10158260869565218,-0.03930422154745581,0.26031874999999993,0.040178571428571425,-0.2615221343418101,-0.177841029400585
2018-03-25,0.0009999999999999946,-0.0004032180037927237,0.035934999999999995,0.00018849206349206838,0.07284186169328634,-0.0028349624746574677
2018-03-26,0.05281458333333331,0.05012008501119828,0.2617478260869565,0.31430603590250333,0.24172946707313595,0.22445697714937213
2018-03-27,-0.10300700000000003,-0.006093314710256676,-0.13201777777777776,-0.09031747100635988,-0.266164882020926,-0.028433310957074572
2018-03-28,-0.061451338582677276,0.019734562109660535,-0.039796721311475367,0.04997967575836434,-0.13071583089958883,0.08775996755893303
2018-03-29,-0.09660423728813569,0.0018581427802031544,-0.08312916666666666,-0.06345482000999585,-0.24529532768589168,0.007338344655156101
2018-03-30,-0.0479741697416974,0.05148092571293675,0.02148039215686276,0.1293899782135076,-0.08678752681171753,0.23057906545633983
2018-03-31,-0.32814703196346984,0.030436741298613436,-0.06093703703703702,0.22277116402116398,-1.0,0.13590644494461118
2018-04-01,-0.11676363636363637,0.018736534558727064,-0.15917575757575755,-0.10434704184704184,-0.3110040995552927,0.08327008656713444
2018-04-02,-0.10247387096774198,0.04268107011579341,-0.04408095238095241,0.014768831414239588,-0.26442716881695594,0.1909906749963453
2018-04-03,0.05708702531645563,0.08273510810714135,0.39951388888888884,0.3313629549462882,0.25565532441356675,0.37118396089704675
2018-04-04,0.0031225118483412333,0.026698072037230937,-0.047390677966101684,-0.07489554289872073,0.07976010594800954,0.11908708957150291
2018-04-05,-0.04093835616438354,0.049887678674065676,-0.03564615384615391,0.07991978854478855,-0.0638545679702413,0.2234114380813482
2018-04-06,-0.08031875000000004,-0.0022839779061877247,-0.11057708333333338,-0.02241402116402116,-0.19221341958980137,-0.011296039654342659
2018-04-07,-0.029642519685039375,0.039837248060611744,0.16981249999999998,0.175,-0.02703623129683784,0.17819701756907763
2018-04-08,0.10217902097902093,0.16680630776566094,0.2778603773584904,0.41154196956083744,0.40263091852878635,0.7493996533911448
2018-04-09,0.014275510204081632,0.0326209042870395,0.01617608695652175,0.03999377264492754,0.11611286735089124,0.1457324581398901
2018-04-10,-0.04573565217391293,0.054297558922558914,0.15418484848484848,0.17029882154882153,-0.07949116645710991,0.24325040694077368
2018-04-11,-0.05725245901639342,0.03082731004670042,0.10158510638297871,0.05167759951337082,-0.11702974737622948,0.13766351787950779
2018-04-12,-0.11699209039548009,0.03546727362405329,-0.16060454545454533,0.02990013774104684,-0.31174873652610924,0.1585375751629055
2018-04-13,0.20649967948717915,0.08865948431150246,0.136365306122449,0.26810071070275154,0.7426600198678601,0.39783627533801147
2018-04-14,0.0428,0.01802961714420048,0.1490823529411765,0.16002956738250856,0.20908732485686254,0.08008983862780085
2018-04-15,0.0021252252252252283,0.1036801476801477,-0.03833333333333334,0.29046674225245656,0.07650948925247655,0.46541055310219454
2018-04-16,0.038179365079365084,0.00415022286534564,0.20918055555555556,0.12285321750491018,0.19402654627141525,0.01764985038096082
2018-04-17,0.06171974025974022,0.021575925818559744,0.3783571428571431,0.01922513112989305,0.27075547735980193,0.09604381093363906
2018-04-18,0.009250120481927722,0.06497537281159271,0.24292000000000002,0.20402884199134202,0.09973280633959136,0.2912872708224319
2018-04-19,0.04456412556053811,0.09113302170757326,0.3541344827586207,0.34517517125275743,0.2148374230404563,0.40896411296807866
2018-04-20,-0.040372941176470584,0.03682322558976973,0.2918076923076923,0.2395252664002664,-0.06201161995809232,0.16463767024642093
2018-04-21,0.023224793388429775,0.08280385019021386,0.33836000000000005,0.35937878787878785,0.14528270544738686,0.3714932146564597
2018-04-22,-0.08276486486486488,0.04706662421785188,0.35781333333333326,0.24451851851851858,-0.20018643520498847,0.2107202064936669
2018-04-23,0.1857087628865977,0.05444894917510898,0.407552,0.22464935064935063,0.6748928413549055,0.2439314745291708
2018-04-24,0.12269237288135591,0.0865048366279828,0.27916250000000004,0.19873112636784515,0.46949338577689775,0.38814304425515267
2018-04-25,0.09615290697674417,0.10905298786373918,0.24062857142857144,0.4292780775307283,0.3829890359135541,0.489581642356911
2018-04-26,0.048456953642384115,0.04623812841140035,0.21901363636363644,0.21336776859504128,0.22752594373488896,0.206993007209747
2018-04-27,0.04004411764705878,0.029814017399889238,0.3698428571428571,0.21589423142994574,0.20010463424440317,0.1331049629680812
2018-04-28,-0.11419914529914531,-0.22205679458984737,-0.33722962962962977,-0.5200336700336697,-0.30264524135288984,-1.0
2018-04-29,-0.01588583333333335,0.016693873256373268,0.08412499999999996,-0.053779117707689124,0.017803149171684532,0.0740806547267581
2018-04-30,-0.018356140350877206,0.05481005698620053,-0.0875975609756098,0.08307483642631733,0.009751280182175075,0.24555600993953444
2018-05-01,-0.0002983805668016187,0.09303787634279875,0.13507435897435896,0.24495487970748384,0.06860984107877742,0.4175335864368612
2018-05-02,0.08141974025974015,0.067917292230827,0.30509200000000003,0.29283138985088975,0.3349668559321092,0.3045222442131652
2018-05-03,-0.0015994981179422755,0.023007698659433005,0.04688937500000008,0.12328906743213382,0.06436889937099234,0.10248500552470788
2018-05-04,0.06696690821256042,0.052649911072276734,0.27117534246575353,0.1387722247548874,0.28785841582939675,0.23583804366759498
2018-05-05,0.00279884393063581,0.028150486335276788,0.21015416666666664,0.12021183749699373,0.07870512304468501,0.12562114501206986
2018-05-06,0.08694967741935483,0.04729760159195643,0.15917037037037035,0.1017161696328363,0.3529914695583573,0.21175931700775802
2018-05-07,0.0507718562874251,0.0699969111200398,0.23298809523809522,0.2411737843285462,0.2350712782576688,0.31387793916580314
2018-05-08,0.09605990990990984,0.08367048790796307,0.3291026315789473,0.2249771999443052,0.38268591561585796,0.37539200503760545
2018-05-09,-0.02862673796791443,0.07412255400323578,0.2940244444444445,0.2904811928811929,-0.02372533056662776,0.3324381938831055
2018-05-10,-0.07213286219081276,0.053407153309980235,0.2749538461538461,0.28463975838975836,-0.16553183882502168,0.23924469063447676
2018-05-11,-0.023024840764331245,0.012542924523853565,-0.10189565217391303,-0.06454328011775365,-0.0054661659949307995,0.055406555204516504
2018-05-12,0.04925923913043478,0.1819156543436436,0.39393076923076936,0.34288294113294115,0.2301409618666803,0.8173728951473772
2018-05-13,0.09144949494949496,0.08550941446845801,0.26468148148148146,0.3134450323339212,0.3676584485905468,0.3836648842798241
2018-05-14,0.07564398249452947,0.05462671061223103,0.2670181818181819,0.24342334936212773,0.31614099966795245,0.24473117960430885
2018-05-15,-0.004160431654676253,0.06074936844355675,0.22193968253968255,0.2418067723722485,0.056021636791005344,0.27227551441795633
2018-05-16,0.02260088757396446,0.08332950659847722,0.27643818181818186,0.26041885499680256,0.14324910887651904,0.3738580138180373
2018-05-17,0.12126848137535806,0.085625859815432,0.32375526315789477,0.3882805023923445,0.46485226717093225,0.38418874331505104
2018-05-18,0.06806338028169011,0.06827138123352913,0.0678608695652174,0.16787444515026034,0.29143232360223165,0.3061152037273091
2018-05-19,0.011426114649681546,0.11334155706289464,-0.16674130434782605,0.3442793148880106,0.10682537412013825,0.5088748625804322
2018-05-20,-0.03368492462311553,-0.14102316023358724,-0.14540465116279053,-0.3697669734442991,-0.04021229189690753,-0.6354495682486596
2018-05-21,0.012313965517241381,0.07214413533258783,0.09644533333333334,-0.008905395222061886,0.10971928925580507,0.3235377738748068
2018-05-22,0.006075126903553251,0.03292583230479802,0.0019012987012987212,0.011458807696632383,0.08938403909971074,0.14710425444904038
2018-05-23,-0.025778167115902945,0.03350403025520951,0.0766049180327869,0.11807745684794864,-0.014440525421016093,0.14970542511273732
2018-05-24,0.009682500000000007,0.02101236704711873,0.01787631578947365,-0.004279659257044117,0.10114213044729954,0.09350849834303199
2018-05-25,0.08559080882352943,0.09859015741713355,0.33308974358974364,0.3990918803418803,0.34856229058188193,0.44251193621634605
2018-05-26,0.2167807692307693,0.22083050340862856,0.47700508474576275,0.5112528584880282,0.7761708292923035,0.992441249675432
2018-05-27,0.06945972222222223,0.08581010689734647,0.25435555555555556,0.3280675972689861,0.29598364547836864,0.38501762571424775
2018-05-28,0.13981555555555553,0.06670516090134146,0.2677,0.19997329059829058,0.5253057291807459,0.2990691628721437
2018-05-29,0.04063461538461536,0.09021469175115009,0.16199591836734695,0.19463953492652467,0.20202933849680604,0.40483277189268735
2018-05-30,0.12379744318181801,0.07955916618254286,0.45248913043478267,0.36578789223199165,0.4730953191480645,0.35689617769409426
2018-05-31,0.17417164179104483,0.053916178683377836,0.38275625,0.2446114641109758,0.6372880469233776,0.2415346708521806
2018-06-01,0.028822188449848008,0.05403013617869244,0.14119999999999996,0.16799476565101562,0.1635271954629955,0.24204733765342018
2018-06-02,0.10353986928104572,0.11089343649917882,0.36027586206896545,0.38674118027566307,0.4070665502800958,0.4978613690407217
2018-06-03,0.12841883116883115,0.09722106169143506,0.46293125000000007,0.3324553571428572,0.48815855232388256,0.4363527105827281
2018-06-04,0.026523178807947044,0.03269861852643307,0.04229016393442622,-0.031448438856225766,0.15603366356160017,0.1460820754284298
2018-06-05,0.026424090909090918,0.060489365593502716,0.2894303571428571,0.1792795659201909,0.1557106904354385,0.27110582541169675
2018-06-06,0.10772577639751542,0.06836411296533582,0.27002567567567565,0.23700269243237998,0.420710350611271,0.30653238102826236
2018-06-07,0.0054634883720930385,0.08998600218149631,0.2930210526315789,0.31911378704141863,0.08739042725742638,0.4038039536492925
2018-06-08,0.07232035398230087,0.09394150579887588,0.38619622641509427,0.4100220023687004,0.3053077626815349,0.4215987935693449
2018-06-09,-0.06526372549019592,0.033351417251717586,-0.3044833333333329,-0.1260485542741403,-0.1431421567362786,0.14901885666796963
2018-06-10,0.0326570512820513,0.07923296090483589,0.05040937500000003,0.09511679292929295,0.17602678069606537,0.3554286602148113
2018-06-11,0.09706347305389222,0.13190995853711052,0.4129920634920636,0.31894700978034307,0.3859569903853741,0.5924095433106281
2018-06-12,0.06096152597402598,0.045210870709670885,0.2352085365853658,0.20934639889384551,0.26828410758625226,0.2023716269438817
2018-06-13,0.08937991169977917,0.09895219891752789,0.17416329113924064,0.2858765396581853,0.36091272303042465,0.44414067206571456
2018-06-14,0.06732463768115943,0.07403905308134089,0.3221730158730159,0.12201606198034766,0.28902442102405057,0.33206254373029875
2018-06-15,0.059806250000000026,0.0359343091155113,0.15779062500000002,0.08196180555555557,0.26451853078809634,0.16063865320792675
2018-06-16,0.009069259259259263,0.08171902445976521,0.36321315789473685,0.33454627730943526,0.09914329626660583,0.3666128499591127
2018-06-17,0.039844808743169424,0.029233818520508603,0.12868421052631582,0.06792157951697424,0.19945499467686656,0.13049479061606803
2018-06-18,-0.08823873873873876,0.05764335919097829,0.14216111111111118,0.22493386243386249,-0.21802831274673357,0.2583023411418689
2018-06-19,-0.07663571428571445,0.07197884986944078,0.26072962962962964,0.2951699342966704,-0.18020870890222165,0.3227941951444296
2018-06-20,-0.04288368580060422,0.06142073469008892,0.327467441860465,0.25339026477398563,-0.07019529374279437,0.27529582637830313
2018-06-21,0.01660469798657718,0.08032760667355889,0.27879677419354854,0.3386267521121354,0.12370476371981584,0.36035320285408534
2018-06-22,0.06799885844748858,0.0814786080732856,0.3624507042253521,0.2356657304940756,0.2912220172102472,0.3655312756450949
2018-06-23,0.1346877551020408,0.025746529311580318,0.4237592592592592,0.24127585377585373,0.5085918644008534,0.11480633239923149
2018-06-24,0.08606157635467981,0.09678082549634273,0.31501086956521746,0.2789611958090218,0.350096738914991,0.4343721959943302
2018-06-25,0.025146048109965683,0.06624446064308614,0.17635862068965516,0.186060624201788,0.15154495997826883,0.29699658548635655
2018-06-26,-0.036689260143198066,0.025606603310063942,-0.08823913043478253,0.04415789298262131,-0.050004805878544584,0.11417683966240359
2018-06-27,0.04373060109289615,0.03845865556681074,0.18639012345679015,0.1522214456068623,0.21212058267796702,0.171995068306691
2018-06-28,0.015460353535353534,0.0891560354194733,-0.09867115384615374,0.24608521686646687,0.11997481779216909,0.40007013689729365
2018-06-29,0.050871321695760606,0.085385637637508,0.1344236842105263,0.3138407453292321,0.2353954818611957,0.38310804269765764
2018-06-30,0.0651713235294118,0.09233894883711061,0.5343500000000001,0.42981646825396824,0.28200577786755443,0.41438928313631673
2018-07-01,0.17085476190476173,0.08883098549447137,0.3580117647058823,0.35751157213990387,0.6264768068189616,0.3986078170662562
2018-07-02,0.0964029020556227,0.0695220025653014,0.2919762295081968,0.3306873891136186,0.3838038850836598,0.31174144214147936
2018-07-03,-0.025630101010101047,0.041159520575524355,0.06716901408450704,0.14795859092899147,-0.013957909747240815,0.18414559706984496
2018-07-04,0.07281153846153847,0.07787609309093681,0.4335972972972973,0.2269621407121407,0.30690875925743166,0.34932444495511156
2018-07-05,-0.01578068181818183,0.06044153445323515,0.16688676470588237,0.1306742697078831,0.018145886417717326,0.2708906448514982
2018-07-06,0.10372954545454548,0.09835053251672571,0.2823214285714286,0.2946322923108637,0.40768479234013333,0.4414339226038997
2018-07-07,-0.02748803827751196,0.12412491859177827,0.002774999999999947,0.2957387336493242,-0.02001378351583577,0.5573865593877424
2018-07-08,0.09305087719298247,0.18752647817846468,0.24997878787878794,0.5648500061947033,0.3728780913050416,0.842614614437322
2018-07-09,0.06538909090909097,0.0865547206581298,0.2296333333333333,0.29698661215327876,0.2827155821141168,0.3883674602630493
2018-07-10,0.09467283653846154,0.0659160379189676,0.3855446808510639,0.2498944853166928,0.378164804277704,0.2955190922599267
2018-07-11,0.056566083916083906,0.05908445862849276,0.20986585365853658,0.24252399869777921,0.2539573363184776,0.2647854938020695
2018-07-12,0.036931234866828,0.03454955587749171,0.2832659090909091,0.2856606240981241,0.1899583147188897,0.1544089882694183
2018-07-13,0.059566265060240965,0.04548502848389897,0.22290526315789477,0.21198818542568543,0.2637363092744658,0.2036049954797595
2018-07-14,0.05133944444444443,0.12073290035535822,0.3898451612903226,0.3384698948005399,0.2369213096294214,0.542126701892534
2018-07-15,0.050514840989399304,0.08341693987579904,0.2996293103448276,0.2963181019969813,0.23423354695815565,0.37425135467273685
2018-07-16,0.07801527446300721,0.10059625971039866,0.3533639999999999,0.3449270942310006,0.323870132982338,0.451536898048021
2018-07-17,0.140155988023952,0.0808787463524084,0.4222375,0.27960957429846944,0.5264153554805687,0.3628326449953147
2018-07-18,0.08771272727272722,0.0789817306659941,0.1924592592592593,0.2539648954199735,0.3554786006753339,0.35429843703321096
2018-07-19,0.10206984815618225,0.05200705019954833,0.17082647058823527,0.1831676202678041,0.40227507398781676,0.23294597038751902
2018-07-20,0.10608368298368301,0.08403748704648328,0.3230051948051947,0.29293139389020073,0.4153580114312362,0.37704304408407985
2018-07-21,0.007531597222222223,0.0529820177009847,-0.02797142857142858,0.07987801484230057,0.09413134706983167,0.23733210987658043
2018-07-22,0.11208449197860973,0.09246758123876272,0.2551608695652173,0.29404540683752634,0.4349174133659239,0.4149679687393014
2018-07-23,0.05774871382636642,0.04189988507408793,0.14709405940594059,0.11935535517837496,0.2578120722007154,0.18747631523087563
2018-07-24,0.0038438305709023886,0.09203690554168231,0.05378118811881184,0.2600374470482762,0.08211121607824648,0.41303046448489245
2018-07-25,0.05106597222222219,0.08551692667872182,0.18630140845070423,0.2073415461201553,0.2360299376299228,0.38369867986997425
2018-07-26,0.07193297587131361,0.07866544139692602,0.10236904761904762,0.13423206179567782,0.30404511889802077,0.3528755292429697
2018-07-27,0.04564626436781609,0.0848004494607404,0.19287499999999994,0.2583644574464887,0.21836461210755842,0.38047542472129353
2018-07-28,0.013994392523364483,0.06682148528485311,0.1457762711864407,0.0960174841636706,0.1151965752788152,0.29959247772244335
2018-07-29,0.032848356807511726,0.047285672562961296,0.1636081632653061,0.13413478811437993,0.1766503335650153,0.21170565123421725
2018-07-30,0.09311333333333334,0.05069950409351452,0.21045671641791036,0.16651759465658725,0.3730816646488099,0.2270636413857891
2018-07-31,0.05412242744063326,0.052220738529280726,0.1141262295081967,0.17400672415016677,0.24599233372731863,0.23390730173447163
2018-08-01,0.09189015873015864,0.07693579172910954,0.3242429347826083,0.2977907013980385,0.36909477492777015,0.3450942599195564
2018-08-02,0.1048061611374407,0.07919700530836536,0.32414397590361427,0.26798790730222527,0.4111939789995886,0.35526690481137496
2018-08-03,0.1038168466522678,0.10079797265569386,0.3826739726027397,0.31019623831267684,0.40796934717550204,0.4524443550796766
2018-08-04,0.008422044728434495,0.07867194710685126,0.35362727272727273,0.2673339056145875,0.09703372584750494,0.35290479683513604
2018-08-05,0.11708560000000004,0.1082118809423381,0.2925173913043479,0.3020269412552022,0.4512183291244263,0.4857977087621553
2018-08-06,0.15729149659863953,0.0907617107922273,0.38779649122807014,0.2908188049543544,0.5822678746743901,0.40729367629596486
2018-08-07,0.11382533566841806,0.06790021814615714,0.2787458149779737,0.2574303906751594,0.4405916252035632,0.30444543209696673
2018-08-08,0.06094049744897955,0.05746075297396658,0.3018283236994219,0.28615368434551935,0.26821556593231455,0.2574808405911293
2018-08-09,0.05869724334600762,0.055921541599438476,0.25842537313432834,0.23510601921399502,0.2609037670267403,0.2505563064072883
2018-08-10,0.08207227214377408,0.07142020829995212,0.25329223300970877,0.3215072677625773,0.3370937580557743,0.32028100383850855
2018-08-11,0.12022807775377965,0.03057664529694769,0.3371526315789475,0.03411592522974106,0.4614611123073195,0.13653583869452326
2018-08-12,0.06614071729957806,0.04986410487630865,0.23014307692307684,0.12367026723276724,0.28516547890114746,0.223305385351286
2018-08-13,0.11924934456928798,0.052748662990991645,0.1663104651162791,0.15063669388723888,0.4582709698184528,0.2362823043118297
2018-08-14,0.08755817923186329,0.06500974966670456,0.2431864197530864,0.18290601488132355,0.3549748573880485,0.29144192385598805
2018-08-15,0.0705422863485016,0.040057258855099205,0.31752469135802464,0.3271256658293696,0.29951222085610074,0.17918679213315236
2018-08-16,0.042183167082294165,0.04054299873706716,0.24998076923076937,0.19061250245822742,0.20707678211601635,0.18137201664019786
2018-08-17,0.03225724258289707,0.06085015913064368,0.3203842364532018,0.2645924815928883,0.17472361989718752,0.27272894698069333
2018-08-18,-0.024285272727272735,-0.009973174723154439,0.05176280991735542,-0.16582776784739614,-0.00957449462117814,-0.04588784886683047
2018-08-19,0.07643457711442786,0.04471844534713228,0.2040345679012346,0.0824443353285946,0.3187179118728014,0.20015632610065978
2018-08-20,0.04477365050320219,0.04819670644452944,0.22512133333333334,0.22412854647667133,0.21552036138633165,0.2158041690596134
2018-08-21,0.06333354192740921,0.0659433127256383,0.2793858490566036,0.25738395012569537,0.27601560070108694,0.2956417949207012
2018-08-22,0.08438724373576309,0.10159765912186179,0.37902783505154647,0.3710083762886596,0.34463931730843134,0.45604194821273963
2018-08-23,0.10175296671490527,0.0861290515003472,0.2713067226890755,0.2335339379882821,0.40124221133866067,0.3864524792001163
2018-08-24,0.09274177018633532,0.06866119931960865,0.2571637168141593,0.19042849927469874,0.3718705691211242,0.30786889961807956
2018-08-25,0.09796757719714952,0.06800563054084292,0.42250160000000003,0.3081800546279116,0.3889038824367186,0.3049196565878207
2018-08-26,0.0634406504065041,0.07339471199179665,0.2006862500000001,0.18721562020878432,0.2763647165944608,0.3291638113180787
2018-08-27,0.04091618303571435,0.05175832652636547,0.27907573529411756,0.19848621411948622,0.2029470972297214,0.23182702362959684
2018-08-28,-0.011879495798319326,0.06863500312046236,0.1762931034482759,0.23590989603202248,0.03086164948382821,0.3077510493478197
2018-08-29,0.0372185941043084,0.05505602365754454,0.24389999999999995,0.1667294854877092,0.19089495090082387,0.2466625536228732
2018-08-30,0.014603231939163491,0.032359249019182516,0.006325471698113235,0.06674514263252476,0.11718106351321178,0.14455533531151105
2018-08-31,-0.030181947743467937,0.019073139700090728,0.04027500000000002,0.04072354769981593,-0.02879447592994855,0.08478439048042505
2018-09-01,0.015305140186915884,0.10711526843066803,0.13692318840579693,0.2882866598549826,0.11946890596089979,0.48086431822908754
2018-09-02,0.1037482051282051,0.11250013503155247,0.20857391304347828,0.33988646446720994,0.40774561281573707,0.5050895113833934
2018-09-03,0.04404448979591838,0.07410403849336065,0.2677105263157895,0.28517695754537853,0.21314369061397367,0.33235489714869776
2018-09-04,-0.018386312399355842,0.016259118402670466,-0.0049742857142857045,0.03707816257816258,0.009652935571659152,0.07212479934790943
2018-09-05,0.027099808061420354,0.07357347996291803,0.22901034482758612,0.30644094932302945,0.15791316403320638,0.32996804454263207
2018-09-06,0.02734704861111111,0.07315229269980521,0.3549441860465117,0.3607784447464679,0.1587190349232885,0.3280732264237643
2018-09-07,0.009542517985611502,0.07099692842020974,0.21964805194805212,0.24106137935737484,0.10068586455292318,0.3183767715510446
2018-09-08,0.03958018223234625,0.014142434406447598,0.1100571428571429,-0.009806675116384942,0.19859245492728608,0.06260235757624048
2018-09-09,0.10684068322981374,0.12294121703593076,0.28931341463414645,0.31090720448067527,0.4178254240903037,0.5520613766204017
2018-09-10,0.08517449139280124,0.0784936171860076,0.37205794392523334,0.2957178651220708,0.3472053202189003,0.35210253429126537
2018-09-11,0.029666556836902794,0.07248723035569946,0.29988823529411773,0.23930602349720012,0.16627938115617638,0.3250812741731791
2018-09-12,0.12086828358208955,0.08574405999319998,0.29921489361702125,0.23450704486608748,0.4635478381350253,0.38472049690330745
2018-09-13,0.08006867749419955,0.08513584504900121,0.3748655737704918,0.33256414259692935,0.3305631197537804,0.3819842871520519
2018-09-14,0.05696068601583108,0.07608638256963855,0.21477878787878787,0.276830842242774,0.2552435264104722,0.34127297659345845
2018-09-15,0.022563793103448256,0.09372987615348297,0.25381632653061226,0.20282806196071504,0.14312820090244516,0.420646723737944
2018-09-16,-0.0028540540540540798,0.07112156692857377,0.08887397260273976,0.17489958146549275,0.060279723424098396,0.31893748960840324
2018-09-17,0.027537121212121197,0.061195414659624484,0.07911299999999995,0.14735669642857147,0.15933856912327238,0.2742821668646879
2018-09-18,-0.033163870967741926,-0.004651508513194787,-0.10608605577689237,-0.06646552318863043,-0.038513937911035495,-0.02194697875913997
2018-09-19,-0.061476637168141515,0.04671642707096252,0.17756611570247938,0.19973187932197678,-0.13079829064824813,0.2091447554835921
2018-09-20,0.11357948717948714,0.09116971601767564,0.3603443181818181,0.3625109796625384,0.43979029168101635,0.40912919166283185
2018-09-21,0.09841707317073176,0.09610509882506829,0.36067951807228904,0.31690214139385836,0.39036899696090216,0.43133226755330795
2018-09-22,0.04231107266435984,0.05452273276191962,0.041385714285714234,0.03335110986896702,0.20749368535213467,0.2442634087764949
2018-09-23,0.165352029520295,0.1392148724437103,0.37894375000000013,0.36025862549683696,0.6085408660920028,0.6252725580293009
2018-09-24,0.013670471464019871,0.09561967271932709,0.1832453125,0.3622502367424243,0.11414076727023044,0.42914845464849216
2018-09-25,0.03264484412470023,0.07163414963048824,0.14210240963855425,0.16521793342199972,0.1759869919446968,0.32124347337397957
2018-09-26,0.10310378787878786,0.08469292814459813,0.25863000000000014,0.16722852707459646,0.40564516002584594,0.37999171271042886
2018-09-27,-0.04874390715667313,0.041538272132524985,0.16706706586826345,0.25103966021780405,-0.0892964557738635,0.1858495073625024
2018-09-28,-0.0213722538649308,0.03786174877492131,0.1780754010695187,0.2336354156418076,-7.962370959893605e-05,0.16930973115715728
2018-09-29,0.03767759562841529,0.06624229241386248,0.3822520000000001,0.2851204349618636,0.19239104839471696,0.2969868311552581
2018-09-30,0.1019449704142011,0.07489703783079846,0.3679836734693877,0.2889811159872885,0.40186803987788744,0.3359224065309194
2018-10-01,0.10845782241014788,0.06980398502713554,0.26994999999999947,0.26161723635161116,0.42309642592342794,0.3130100120263743
2018-10-02,0.06787227101631112,0.08668879890890153,0.3562056338028167,0.30194017932299155,0.2908094104353318,0.3889706454045722
2018-10-03,0.09175208711433758,0.09548067647481462,0.42333626373626365,0.35217990466874405,0.3686447359027155,0.42852314466022157
2018-10-04,0.08995205298013231,0.09512856492687376,0.3953489795918366,0.3479811824922368,0.3627775951293891,0.42693908122969426
2018-10-05,0.02964464831804279,0.056425067778564764,0.21529191919191912,0.20378971109889207,0.16620797119686276,0.25282154709970966
2018-10-06,0.04111086956521738,0.09170270094331744,0.16330674157303374,0.26938017438631895,0.20358167034895225,0.41152696002535455
2018-10-07,0.05190638888888888,0.06228527769307785,0.11886741573033706,0.15595571485318677,0.23876924284524317,0.2791851931518775
2018-10-08,0.011232467532467535,0.08691980793168508,0.28439896907216494,0.29695292393746003,0.10619418892456135,0.3900098982983022
2018-10-09,0.10501419847328232,0.1235590420692691,0.37981094890510947,0.318376499362357,0.41187206854927894,0.5548408198039577
2018-10-10,0.08958969072164936,0.09129808770569021,0.2711120481927713,0.3019507901736817,0.3615964895375229,0.40970670437915185
2018-10-11,0.11518333333333329,0.1090455367809733,0.338457281553398,0.36082035390894596,0.44501796541484145,0.4895481217643707
2018-10-12,0.13179139072847668,0.10627484997437042,0.434856557377049,0.313112326425851,0.4991512781432761,0.4770834818698527
2018-10-13,-0.019069387755102012,0.048777499005511656,-0.050207692307692495,0.056643019678733975,0.007426478197992609,0.2184170122394365
2018-10-14,0.10555959595959592,0.12751641505239983,0.1795183333333333,0.31368122229952605,0.41364977029882555,0.5726440695417
2018-10-15,0.11801475903614464,0.09411287397968504,0.32295633802816887,0.24247579669938826,0.4542468866180182,0.42236973695351754
2018-10-16,0.09827945544554462,0.07654944740696594,0.3500738461538462,0.3130835090835089,0.38992043737459503,0.34335619164011916
2018-10-17,0.10803552361396306,0.06096163660043281,0.3198887096774194,0.15241817367220595,0.42171995953396324,0.27323045675580115
2018-10-18,0.08586480446927375,0.07097601639902619,0.23959230769230763,0.22345310071872565,0.34945536865985416,0.31828269350046945
2018-10-19,0.05416863543788192,0.10370139481004,0.26225176470588246,0.288874724844957,0.24614294688490246,0.4655061387245999
2018-10-20,0.063273,0.08173708137926891,0.2628285714285714,0.2523637630557274,0.27581826665944376,0.3666940836079977
2018-10-21,0.06845098039215687,0.07048356322293421,0.12539444444444445,0.12478328673641174,0.292695690984356,0.3160672675308976
2018-10-22,0.028387292817679547,0.08764336837195953,0.2207067567567566,0.28928600678600674,0.16210967017991873,0.39326501912554496
2018-10-23,0.04346374269005854,0.10125171307669178,0.273309401709402,0.3158572707605444,0.2112507681637636,0.4544856218658929
2018-10-24,0.16261914217633094,0.09084684272243469,0.41341776859504137,0.3016395921329232,0.5996331268108481,0.4076766639548485
2018-10-25,0.20396909492273735,0.0975225262527572,0.44922865497076,0.34088737385792495,0.7344116785746312,0.43770892565145564
2018-10-26,0.047448567870485764,0.05358616936481753,0.08919935064935083,0.11411327600369815,0.22423914979852888,0.24005003992677737
2018-10-27,0.061390379746835554,0.07658185425685421,0.17685409836065574,0.2506277499822581,0.2696819396653405,0.34350198210370037
2018-10-28,0.10343236245954687,0.06636117011039003,0.20912923076923084,0.17506202131202137,0.40671613600525475,0.2975216327341209
2018-10-29,0.1255945155393049,0.0759071187081927,0.3672743362831857,0.24979626668983487,0.47895280612615687,0.3404665124800486
2018-10-30,0.14079445843828706,0.10381878531887527,0.2982688888888888,0.23977935606060607,0.5284964247943802,0.46603424981105646
2018-10-31,0.13394243421052623,0.07933972127485701,0.49547200000000013,0.36200138287638284,0.506162520140808,0.3559089489158465
2018-11-01,0.10318261904761905,0.0890187555814682,0.2384481481481481,0.1842312175992731,0.4059021071337199,0.3994525486006181
2018-11-02,0.07798777506112475,0.05742928092165425,0.18186710526315783,0.17146989949621524,0.3237804997587448,0.25733925555240184
2018-11-03,0.1354197969543147,0.08108948707219647,0.39020312500000004,0.308995613219246,0.5109779261524843,0.3637807157686009
2018-11-04,0.11087336683417086,0.06982195965094834,0.23809444444444441,0.20820342353762494,0.4309697983837917,0.3130908754471449
2018-11-05,0.08936556886227548,0.06918160909422139,0.2993351851851852,0.20985444725028057,0.3608659731132292,0.3102100954626176
2018-11-06,0.14800916666666664,0.09428473269855839,0.2583088235294118,0.25464694211017735,0.5520124837457113,0.42314288714804127
2018-11-07,0.1349735682819382,0.09650172140620147,0.3911658536585366,0.23920433428360255,0.5095234612686375,0.43311657519720254
2018-11-08,0.09796764705882348,0.05956259050337309,0.41976842105263146,0.355498183590289,0.38890411014810916,0.26693649175256734
2018-11-09,0.10619481481481483,0.053564726217834695,0.36085000000000006,0.1589010856868,0.415720241283025,0.23995357247159282
2018-11-10,0.0894861842105263,0.0972113518486874,0.50955,0.33762614468864466,0.3612591141177045,0.43630902838342883
2018-11-11,0.04705438596491229,0.0866055517699036,0.3003085714285715,0.2090987554112554,0.2229543293129892,0.3885961369587294
2018-11-12,0.11625232558139534,0.09964928839777432,0.399172222222222,0.3393312089145422,0.4485023037869823,0.447276706540929
2018-11-13,0.1089642140468227,0.11005070312135526,0.28700178571428575,0.36033271168315817,0.42474698963349783,0.49407011841772513
2018-11-14,0.13577727272727266,0.07343252833317544,0.3541179487179488,0.20735042735042739,0.5121431044361306,0.32933393775614866
2018-11-15,0.10698544303797464,0.06128097867615271,0.25052040816326526,0.2494056453750331,0.4182972630163887,0.27466709837387593
2018-11-16,0.1311087378640776,0.09661965996067941,0.3648653846153846,0.29938676948051945,0.49692619786361114,0.43364715180649094
2018-11-17,0.20048046511627893,0.11566472196054838,0.45200681818181815,0.3651349346413266,0.7230406263309186,0.519326211248145
2018-11-18,0.14121509433962273,0.07398761569617372,0.44783214285714285,0.3174455846732633,0.529867471043201,0.33183113955942806
2018-11-19,0.14888387096774186,0.10650201727511115,0.4006199999999999,0.3176592767501859,0.5548635481627249,0.4781054517990395
2018-11-20,0.09640546075085316,0.07799987622719418,0.3499913793103448,0.2853288348385331,0.38381222505056817,0.34988131490330826
2018-11-21,0.04382595419847331,0.05848233897799683,0.32868723404255323,0.23855887186837982,0.2124313823916858,0.2620767052811299
2018-11-22,0.014837623762376248,0.059860540691966016,0.2995588235294117,0.17102111848527288,0.11794505448247918,0.2682768965209677
2018-11-23,0.016097894736842103,0.07417223456368192,0.15781724137931036,0.25391935052495396,0.12205285837309429,0.33266169453075844
2018-11-24,0.07363999999999997,0.08424061054629103,0.27242800000000006,0.2594938961038961,0.3096090972005153,0.37795684685427533
2018-11-25,0.036377837837837816,0.08017638812281673,0.3579166666666666,0.26993820002748575,0.188154538773241,0.35967290770997884
2018-11-26,0.009285318559556787,0.0980283233585692,0.23939420289855073,0.257012085915101,0.09984753309531,0.4399843826856507
2018-11-27,0.01416384615384615,0.0793983287876145,0.27452786885245906,0.2760221063089916,0.1157489027517751,0.35617260973088144
2018-11-28,0.10868713235294117,0.09082755772885107,0.2380061224489796,0.3055154312807374,0.4238438527024682,0.4075899055021012
2018-11-29,0.08318554216867466,0.07562045826403258,0.2633783783783783,0.19604242229242227,0.34072241810765724,0.3391768975008516
2018-11-30,0.0850458937198068,0.09577486638045643,0.4460974358974359,0.3309313900385329,0.3467861611395011,0.42984663283856367
2018-12-01,0.12261190476190477,0.07156723787676167,0.431065,0.2668536706349206,0.46923110309257904,0.32094245381705067
2018-12-02,0.06403954802259886,0.09709673238981154,0.3040809523809523,0.2526824294532628,0.27831679992203007,0.4357933835706021
2018-12-03,0.0978750750750751,0.10191514846375954,0.30190142857142854,0.29322648680684393,0.388602375392086,0.45747025483609094
2018-12-04,0.11337105263157894,0.09203158868594392,0.38331774193548407,0.34152428145011676,0.4391109074341493,0.4130065452559157
2018-12-05,0.13556777777777781,0.12923346761263427,0.4137168831168832,0.35544575216450214,0.511460263851816,0.580368667569986
2018-12-06,0.05626074766355138,0.05242066907815681,0.252491935483871,0.24095855589303175,0.25296210475993874,0.23480674020211612
2018-12-07,0.11020163934426216,0.09948444083658894,0.34770128205128215,0.27706366500562923,0.42878032893445395,0.446535097823997
2018-12-08,0.09534903846153843,0.10493932002190931,0.42124000000000006,0.3257777777777779,0.38036885796674014,0.4710752604115129
2018-12-09,0.07150663716814161,0.08454903772539674,0.18672500000000003,0.21960365775097915,0.3026554845899292,0.3793443850314785
2018-12-10,0.06252591743119268,0.06619402219000838,0.3367537313432835,0.2781827873618917,0.2733831802812479,0.2967696752657742
2018-12-11,0.03885441527446298,0.10443915285477187,0.30620285714285694,0.3180684509717713,0.19622684594820414,0.4688251310895801
2018-12-12,0.09485360230547558,0.08624344117031431,0.3396272727272727,0.2544585160510486,0.37875400321672187,0.3869670902490428
2018-12-13,0.03455338164251205,0.07053882062612941,0.19555076923076925,0.24132234432234428,0.18220779524803013,0.31631585702527604
2018-12-14,0.1040526479750779,0.07712052611487975,0.4132687499999999,0.32552280618686874,0.40873793235351275,0.3459253345791943
2018-12-15,0.20036296296296308,0.1730231842219154,0.47842195121951225,0.3481191714789277,0.722657632663425,0.7773678546729527
2018-12-16,0.11799354838709676,0.1283359615382636,0.3643923076923077,0.34793234543234536,0.45417775133802946,0.5763310080288524
2018-12-17,0.06437243401759533,0.06634193447884797,0.2567569230769231,0.17775390720390724,0.27940182878731623,0.2974350963490831
2018-12-18,0.09173148148148148,0.07951564330621749,0.35003815789473675,0.27948801780730215,0.36857757264931224,0.3567003789559343
2018-12-19,0.08304479166666662,0.07454340558146097,0.2970986666666667,0.2269177825314154,0.340263647357978,0.33433150183805566
2018-12-20,0.086987786259542,0.06088376364243021,0.2536177777777779,0.2407384960718293,0.3531156838306522,0.27288012543119594
2018-12-21,0.11299761904761904,0.07368860873473972,0.41305714285714284,0.18619210278808485,0.4378937152904304,0.33048598062939416
2018-12-22,0.06670942408376962,0.07983713663687483,0.3124883720930232,0.23318261518842912,0.28701915639436393,0.3581466985419601
2018-12-23,0.09140223463687151,0.12564588086236128,0.32324565217391316,0.37461709486166006,0.36750440545220625,0.564228995332067
2018-12-24,0.061546086956521744,0.0357924878032021,0.2992638888888889,0.273692029421196,0.2701894612180104,0.16000063393303457
2018-12-25,0.1465065789473684,0.1124753562409812,0.3771567567567567,0.3474252076752076,0.5471148579141398,0.5049780376864181
2018-12-26,0.10055443037974679,0.0852000828133005,0.19286904761904758,0.17809572385050704,0.3973356290874156,0.3822732770868621
2018-12-27,0.08597704918032785,0.11367845990855348,0.3221505882352943,0.3285486217214158,0.3498212259001706,0.5103905057922771
2018-12-28,0.09079176136363624,0.0949899513292687,0.28117777777777786,0.2988457838733137,0.365514591723476,0.4263154926759417
2018-12-29,0.0009943396226415253,0.06488901027344422,0.2961095238095238,0.2356788870851371,0.0728234119149398,0.2908987469604667
2018-12-30,0.035553586497890276,0.09998190442497981,0.2827439024390244,0.3180344767718444,0.18546792380734745,0.44877306440872605
2018-12-31,0.12657310924369755,0.08538534495688604,0.3141744186046511,0.21261658319071106,0.4821424939851028,0.3831067259993762
2019-01-01,0.1340781115879828,0.12247269631993343,0.40360862068965525,0.3825250309436731,0.5066047552396691,0.5499536169147174
2019-01-02,0.007082957746478861,0.05048212043982921,0.13663840000000002,0.15451056998557003,0.09266902426681449,0.22608568568336734
2019-01-03,0.07590067873303173,0.06087864860669643,0.2691148648648649,0.2095236452209109,0.3169776910054426,0.27285711414088437
2019-01-04,0.0966603550295858,0.09525877508421889,0.26814915254237287,0.38187297714840096,0.38464304297075175,0.4275248647682911
2019-01-05,0.07937014925373136,0.09090384500343736,0.3410153846153846,0.37673132233434964,0.32828629430747835,0.4079331032262129
2019-01-06,0.12993456221198157,0.09679118701197378,0.3909634146341463,0.34880645889792233,0.4930990183048739,0.4344188099099827
2019-01-07,0.0609228438228438,0.09028987335231102,0.33579038461538463,0.3537404262404263,0.2681580246292192,0.4051709954634392
2019-01-08,-0.018201086956521735,0.054773413570628274,0.059737735849056624,0.21899468063383157,0.010256670649377124,0.24539116020678053
2019-01-09,0.0023710714285714338,0.05796345446999148,0.06677457627118641,0.1061459632646073,0.07731081532524954,0.25974237123669097
2019-01-10,0.09454368231046936,0.09170821232022133,0.2930925925925924,0.27632280142696813,0.3777438311290837,0.41155175435731095
2019-01-11,0.1590416129032258,0.13879267370600895,0.5639918918918919,0.4153219371969373,0.5879723102367941,0.6233731895345197
2019-01-12,0.15604040404040406,0.1391464004176305,0.40295370370370387,0.33436230693175134,0.5781899874720625,0.6249645191900142
2019-01-13,0.19534671052631578,0.1260903316498176,0.502658064516129,0.33465979186304295,0.7063073542764291,0.5662284703370641
2019-01-14,0.08130837209302327,0.09058373397720995,0.263095,0.27680371875235765,0.33460385575373547,0.40649300228853913
2019-01-15,0.06122401574803153,0.11639684983742563,0.38899803921568626,0.32919249391675864,0.26913968272584765,0.5226198748698382
2019-01-16,0.11160918727915199,0.09988597258445979,0.28788688524590167,0.2675467626351335,0.43336817631038693,0.4483414906041189
2019-01-17,0.1275125,0.08481973739789916,0.2909178571428572,0.3054938897907648,0.4852044013698877,0.3805621964164628
2019-01-18,-0.019522186147186142,0.026237907455315904,0.10612364864864861,0.08775600072475069,0.005950599570020726,0.11701692206209216
2019-01-19,0.11904431818181817,0.10550901670930082,0.28358909090909085,0.29196353141807696,0.4576026943370753,0.4736381859794668
2019-01-20,0.10987323420074356,0.0910401635401636,0.36916,0.2701063658563658,0.42770990522909524,0.4085463668643805
2019-01-21,0.012869963369963367,0.06024821009568038,0.3183277777777777,0.3064652758988697,0.1115315424845625,0.27002092601715844
2019-01-22,0.07832742718446609,0.08804969953021093,0.1266934210526317,0.32195078705730945,0.32488758255441785,0.3950930032749826
2019-01-23,0.02337924836601306,0.059429315483207915,0.13681374999999998,0.2420415776064213,0.14578614539855322,0.26633692014839516
2019-01-24,0.030072549019607837,0.0633364111637921,0.17736823529411763,0.16668579350932297,0.16760269677755055,0.28391398464224166
2019-01-25,0.10604883720930237,0.09218785398736161,0.3032571428571429,0.33478489543965745,0.41524443299416003,0.4137095444926168
2019-01-26,-0.010129699248120303,-0.018187406086884118,-0.059472222222222225,-0.11260491154935601,0.03656504281932806,-0.08284165963863772
2019-01-27,0.14094565217391306,0.04882314386463259,0.1499826086956522,0.0845965967908903,0.5289892348550931,0.2186223572573658
2019-01-28,0.07314608938547489,0.1302458040517572,0.2553696629213484,0.39028973270019623,0.3079992148934011,0.5849229207377186
2019-01-29,0.029564878048780486,0.08494144618825454,0.19901494252873556,0.25929749050438705,0.1659479631279076,0.3811097343915821
2019-01-30,0.07371765765765761,0.06463694044229747,0.3059506329113925,0.2732541829183725,0.3098622192946724,0.2897647466591592
2019-01-31,0.14903269230769214,0.08582538841629753,0.3529152173913044,0.3018058849363198,0.5553486254926328,0.3850863735172517
2019-02-01,0.05811893939393938,0.10752993416699677,0.15029605263157886,0.3437454965538844,0.259018807940643,0.48272979759962314
2019-02-02,0.15527578125000005,0.09396916876164921,0.3291133333333333,0.332331289081289,0.5756977294284257,0.4217232424491545
2019-02-03,0.10819858490566037,0.08277656865228462,0.30128749999999993,0.23292426953420262,0.4222514514289717,0.37137048171340525
2019-02-04,0.13593019693654262,0.06443840221303639,0.30158307692307695,0.22128268953268954,0.5126415549079227,0.28887157189572615
2019-02-05,0.1243441860465115,0.08786223806340089,0.3025214285714286,0.2217028170242456,0.474877406105757,0.3942496601470922
2019-02-06,0.05268969696969699,0.07626653712449169,0.23203125,0.24961451694524617,0.24132240486125928,0.34208344771789234
2019-02-07,0.08746185567010306,0.07587276806375817,0.30593260869565225,0.2969972237907021,0.35466089451040284,0.34031197736189644
2019-02-08,0.06416686930091185,0.07902242008433323,0.24239999999999995,0.2342047761669855,0.27873179864294706,0.3544814887393461
2019-02-09,-0.016431718061674004,0.057463188986506035,0.06041320754716984,0.10990317862332896,0.016023859275830575,0.2574917996136397
2019-02-10,0.05792170212765959,0.08165566668231092,0.17171636363636367,0.18442638835083794,0.25837592079477206,0.3663278188691307
2019-02-11,0.03637995337995343,0.049984624312275835,0.20822321428571433,0.26566432823129255,0.18816143429992482,0.2238475727129327
2019-02-12,0.13502258953168036,0.1221932907637969,0.5008452054794523,0.4065144133359033,0.5096832441125603,0.5486966398960701
2019-02-13,0.08253313609467457,0.08224017519627635,0.2569980392156863,0.23597791641909288,0.3385959260568708,0.368957379209367
2019-02-14,0.10128425196850395,0.10280622512390887,0.29239583333333335,0.3143514642041986,0.3997144539770567,0.46147899002070364
2019-02-15,0.06843537735849055,0.09788236532492972,0.29716249999999994,0.2663658713248557,0.2926448335071161,0.4393277533168269
2019-02-16,0.1261626506024097,0.0910041211716663,0.3226674418604651,0.31866163713547424,0.4808046201168789,0.4083842210948934
2019-02-17,0.08886739130434786,0.08499043327847679,0.28314285714285725,0.2673376623376623,0.3592421828711826,0.38133011528690575
2019-02-18,-0.02743774509803922,0.07731572184850373,0.06464838709677415,0.12788608046672562,-0.019849854866763217,0.3468034722751514
2019-02-19,0.07781647727272721,0.06392449915141668,0.2482722222222222,0.21504951131687255,0.32322216132527304,0.28655964815591023
2019-02-20,0.09452996031746026,0.0807347195431804,0.338170588235294,0.22638194974959677,0.37769910483020686,0.3621847037311108
2019-02-21,0.006056359649122815,0.050109808660110194,0.08112558139534885,0.17303160932521397,0.08932286796879725,0.22441074636809533
2019-02-22,0.10754393305439339,0.0783949081243799,0.2475333333333333,0.21815377735690233,0.4201176393551257,0.351658466450547
2019-02-23,-0.023348387096774195,0.04293831216786288,0.27006904761904754,0.14043828663620328,-0.006520752595853427,0.1921479438500936
2019-02-24,0.005027485380116949,0.08112810508205247,0.20584736842105264,0.19826094592541957,0.0859692925784195,0.3639544487163851
2019-02-25,-0.08760479846449147,0.039505785421294966,0.24435526315789485,0.24853250181547734,-0.21596200924714348,0.1767058485102998
2019-02-26,-0.1283489547038325,0.021440524184467475,0.174584,0.17444190892055475,-0.3487659910183907,0.09543467221537348
2019-02-27,0.06132777777777778,0.06955177871162503,0.40789841269841254,0.2528210821365584,0.2694778909986125,0.3118753977154136
2019-02-28,0.0742103879849809,0.07185815400116452,0.25996666666666673,0.2182621636500013,0.311468254501871,0.3222512140571286
2019-03-01,0.06271088664421995,0.09124873356510999,0.3257319727891155,0.310167239695301,0.2739860801879441,0.4094846722143579
2019-03-02,-0.0029230769230769223,0.11508209139837167,0.21986559139784945,0.34302349447334324,0.06005474608536882,0.5167050993520742
2019-03-03,0.059853571428571416,0.1039198706523025,0.2987698924731183,0.33955830643868284,0.264672773131476,0.4664890079153593
2019-03-04,0.003980279503105606,0.044733460016754996,0.08095494505494506,0.13055230236033805,0.08255596602959105,0.20022387341403217
2019-03-05,0.0016445876288659774,0.07040992083927612,0.2298509259259259,0.23239653983758432,0.0749428698283188,0.31573596852189934
2019-03-06,0.015541213063763595,0.0317957410667688,0.10232249999999996,0.15890259740259738,0.12023837625866234,0.14202025134323457
2019-03-07,0.01731884057971015,0.06923647706149003,0.24896952380952383,0.31455865951178447,0.12603248353719,0.3104569329803471
2019-03-08,0.07084859154929579,0.07403505108610742,0.3247622222222223,0.26619072337127897,0.3005106106635558,0.332044539736009
2019-03-09,0.11317671232876715,0.1178019859166278,0.3951453125,0.3347243923611112,0.43847746282726074,0.5289412372079815
2019-03-10,0.052542084942085,0.06306053044892328,-0.04378837209302324,0.19809965658802864,0.24084126923756285,0.2826728650193066
2019-03-11,0.07077776203966009,0.0651971196222922,0.2715112359550564,0.3161299540262848,0.30027974465049434,0.2922848552973498
2019-03-12,0.03204999999999996,0.051530242008995225,0.23298873239436627,0.2549590937883191,0.17404812081359822,0.2308009273679191
2019-03-13,-0.0443650334075724,0.06191197580827527,0.21868333333333337,0.17246101099270864,-0.07502368825996267,0.27750579959684984
2019-03-14,0.0741119140625,0.10351496070743406,0.43669863013698634,0.285853428163849,0.3111472826076618,0.46466741745610335
2019-03-15,0.045068289920724765,0.05470090412714643,0.2408902654867257,0.17403221745478387,0.21648072703003043,0.24506495801756187
2019-03-16,0.10473510324483778,0.09651805671726393,0.31294929577464786,0.3262948147942489,0.4109623685811888,0.4331900637522688
2019-03-17,0.033343712574850304,0.08570800244323287,0.21092166666666667,0.2529111802549303,0.17826492629113477,0.38455828283611393
2019-03-18,0.01873333333333329,0.04580635325736626,0.15766025641025647,0.1895416678229178,0.1306429672778337,0.20505055676835857
2019-03-19,-0.01606739130434782,0.06389353989028707,0.09192970297029701,0.1608569836243297,0.017211368074748983,0.2864203700388523
2019-03-20,0.09305244755244756,0.06847022589396898,0.2575944444444444,0.17743364197530864,0.3728832098302247,0.30700975704940375
2019-03-21,0.07349440993788821,0.09616262874694181,0.301919,0.3124963551329623,0.3091345520941893,0.43159108055144413
2019-03-22,0.099440157480315,0.08733679236744517,0.41501139240506363,0.30740094605640506,0.39370370020526957,0.3918858089284686
2019-03-23,0.06425244755244754,0.12443424998822729,0.24932643678160926,0.26891890649792954,0.2790107376026889,0.5587781654168384
2019-03-24,0.13698061224489796,0.11365996496838787,0.3442342857142857,0.28347276334776333,0.5160653424725397,0.5103073015959437
2019-03-25,-0.02482859922178983,0.041183540024250155,0.0410940594059406,0.09206474218850456,-0.011345446054061473,0.1842536546742333
2019-03-26,0.08473118556701031,0.0843747300792128,0.2196197368421052,0.3137696086807929,0.34576038223904393,0.37856021771405884
2019-03-27,0.08035030303030295,0.09375366486100618,0.2808857142857143,0.26676619243025484,0.33148106716060094,0.42075374329429593
2019-03-28,0.0857627204030227,0.07742148123386319,0.2539941176470588,0.2290954715219421,0.3491226296433949,0.3472792577918795
2019-03-29,0.0876179948586118,0.08983387346440509,0.3074838235294117,0.2869641858928885,0.3551698240811291,0.4031195638901764
2019-03-30,0.0795317596566524,0.10280574304316925,0.4416475,0.31429660302804835,0.32881305708733555,0.46147682125777995
2019-03-31,0.0712560483870967,0.0682670520523703,0.283596551724138,0.184450790229885,0.3018387002708608,0.3060957278038469
2019-04-01,0.027540359897172236,0.07444456732213804,0.28178852459016396,0.2776028286376648,0.15934912549037333,0.33388685276861724
2019-04-02,0.056434670487106,0.06399933149325546,0.2760806451612904,0.21282831555765025,0.25352899939271184,0.28689630049469533
2019-04-03,0.034111988716502124,0.0863804669889069,0.296712,0.26785080601937733,0.18076909229010313,0.38758353577472904
2019-04-04,-0.04592603273577555,-0.0033068548867092344,-0.033138289962825244,-0.08748740670557603,-0.08011170444343324,-0.015897712130715017
2019-04-05,-0.028455763239875382,0.05425368776506713,0.17726483516483516,0.19577697600019034,-0.023168045135743873,0.2430530413711295
2019-04-06,0.07319108910891084,0.09549267290320304,0.38079811320754714,0.34879216695254434,0.30814588972980694,0.42857711364709
2019-04-07,0.07376081424936391,0.07675775086316562,0.2523925925925924,0.1999902543818921,0.3100028865153802,0.3442932977627329
2019-04-08,0.001087908496732038,0.051051935312672936,0.04872818181818183,0.09853823461891653,0.07312839599599617,0.2286491429386628
2019-04-09,0.06369682539682536,0.09654659460385089,0.2748272727272727,0.2913761772213477,0.2771997089439165,0.43331844869957115
2019-04-10,0.12052470023980809,0.06905388365262789,0.2849363636363637,0.18706574309303617,0.46242794168515866,0.3096354900503288
2019-04-11,0.03152380952380951,0.0671237288935135,0.24350705882352938,0.2632832749766573,0.1723330235614252,0.30095219753393315
2019-04-12,0.06111502782931352,0.04656566665157035,0.21197613636363635,0.13852930345117848,0.26878444087261877,0.20846652135998361
2019-04-13,0.09418461538461544,0.0937221297508564,0.4243180000000001,0.31546028138528137,0.3765734665448806,0.4206118745738349
2019-04-14,0.02731304347826087,0.09718982413951358,0.2084266666666667,0.25116570466570465,0.1586081965243622,0.43621218050370236
2019-04-15,0.05220242424242423,0.06843163683058164,0.19550344827586202,0.1946538351495248,0.23973415848771248,0.30683615432467726
2019-04-16,0.029401166180758085,0.08104629278371989,0.32634909090909103,0.2991153581267218,0.16541435070484334,0.3635863952665227
2019-04-17,0.11420082417582421,0.12337353808559172,0.3893559633027523,0.3016352789030541,0.4418155152897869,0.5540062829122286
2019-04-18,0.020440273972602736,0.06458086870004673,0.3186987341772149,0.11261310741532257,0.13620667344984316,0.28951249365324455
2019-04-19,0.10343356164383559,0.08762868886658025,0.43820638297872355,0.3314244074483436,0.40672004469948525,0.39319897963383976
2019-04-20,-0.051417905405405404,0.031078933167399275,-0.03253970588235293,0.009972312078240396,-0.09801224835513431,0.13879550854015252
2019-04-21,0.021111331444759202,0.058353703846910666,0.1911390625,0.16877692440027456,0.13839395900255458,0.26149800739909135
2019-04-22,0.03735274193548387,0.11126033700074553,0.2539746268656716,0.32831380317001524,0.19133220050347677,0.4995119643437521
2019-04-23,0.05664927048260384,0.09299863618442764,0.23766540880503123,0.2674107769632533,0.254228479674566,0.41735705459561007
2019-04-24,0.0399250213492741,0.08810525419822114,0.3050455497382198,0.27155580046286854,0.19971644452543807,0.3953429300908019
2019-04-25,0.015135600000000013,0.07392137552268876,0.1494452229299363,0.12289094833589741,0.11891629636063203,0.3315331412771709
2019-04-26,0.04062767749699158,0.06941697618359237,0.25371736842105264,0.17512828551808823,0.20200672472377545,0.31126895422826323
2019-04-27,0.11111671159029642,0.11767953691386994,0.3964430232558138,0.3527910384996141,0.4317629710873025,0.528390369198944
2019-04-28,0.051154621848739486,0.07785192259999839,0.2324127272727273,0.29577438822751323,0.23631888761614592,0.34921570784888106
2019-04-29,0.07594912280701747,0.07069311762986966,0.2071030612244899,0.2321014641832563,0.31713559256758894,0.3170100013738332
2019-04-30,0.05688564705882359,0.06717855463436342,0.19330750000000005,0.13883276890933144,0.2549989398685392,0.3011988450853691
2019-05-01,0.07725657894736854,0.08687553478513176,0.17246879999999987,0.21099061447811449,0.32139719465869404,0.3898107242785359
2019-05-02,0.06208701716738186,0.08039173731657873,0.20343583815028887,0.1979254571600691,0.2719526020581493,0.3606417108765515
2019-05-03,0.06768857938718638,0.07322569908152687,0.1239294117647059,0.20583547948851255,0.2902106747633373,0.3284034637179758
2019-05-04,0.07592595870206494,0.14246606146195934,0.3383448717948718,0.37798949170042917,0.3170600900745739,0.6398988594376412
2019-05-05,0.08503784860557766,0.10418628178312651,0.31278000000000006,0.2993902777777778,0.346759938404708,0.4676875262039291
2019-05-06,0.036425,0.06882121398126341,0.3533957142857142,0.28426926330969987,0.18830826199399658,0.3085887663062294
2019-05-07,0.10515746887966788,0.08857879208923503,0.32064,0.28270574694173395,0.4123390528286004,0.39747326083545026
2019-05-08,0.12423743842364546,0.1024899299794234,0.443276744186047,0.3189115133148046,0.47452946640913035,0.46005605579840164
2019-05-09,0.05681395348837215,0.08311864377206185,0.37273090909090906,0.2384834956709957,0.25476525748308454,0.3729093937170052
2019-05-10,0.09106666666666667,0.12447496696406289,0.4418027777777777,0.31415982744107734,0.3664106347937512,0.5589613410973863
2019-05-11,0.060563255813953484,0.09146144323215542,0.43906206896551714,0.3886829501915709,0.266985961595264,0.4104416007980887
2019-05-12,0.07887826086956533,0.09853505775214033,0.3946863636363636,0.2956174570379115,0.32668300338103134,0.44226405634742244
2019-05-13,-0.039582044887780526,0.07341445220061182,0.05803999999999998,0.2686652273652274,-0.05943372447562986,0.3292526176724228
2019-05-14,-0.01895102040816326,0.04537446357812005,0.21851777777777776,0.19846398222588704,0.007812291930220219,0.20310759110615026
2019-05-15,0.029219480519480524,0.05953773509439095,0.15404366197183095,0.2178254679592708,0.16482215340649545,0.26682467336816706
2019-05-16,-0.05854495967741934,0.0839660446873806,0.14793209876543206,0.2581645271901004,-0.1212426026681124,0.3767216424455736
2019-05-17,-0.011006270096462972,0.04344741792429864,0.18573820224719104,0.13923352497351793,0.033707894464587974,0.19443828569135657
2019-05-18,-0.005334645669291347,0.046324372298430214,0.1731649122807018,0.13696495816561607,0.05219433219113942,0.20738099728945175
2019-05-19,0.06997868217054265,0.10061170517067533,0.23110819672131155,0.2931061345303148,0.2976751751080878,0.4516063833828105
2019-05-20,0.008745724907063202,0.06158368896151573,0.15401272727272733,0.2295133477633478,0.0980887487148288,0.2760289176493079
2019-05-21,-2.2462406015030945e-05,0.02940436281455085,0.05449251101321586,0.04687561590111839,0.06950918551924658,0.13126202753589433
2019-05-22,0.011320626151012893,0.041456954109476744,0.14001333333333338,0.11004675400156998,0.10648153848952722,0.1854836775358273
2019-05-23,0.013000963597430453,0.06405099628286406,0.15767243589743588,0.21919032443251188,0.1119585325961842,0.28712872770233305
2019-05-24,0.055875350140056006,0.05492760906729309,0.2202594339622641,0.1937655360886493,0.25170591662379704,0.24608484789991963
2019-05-25,0.060298724489795875,0.0721944637745704,0.1643690476190477,0.19345149671520845,0.26612373210289253,0.3237641891824734
2019-05-26,0.08705116279069769,0.07691732049173906,0.2620842857142858,0.23107182797361367,0.35332225715220744,0.34501116235628054
2019-05-27,0.06166706231454001,0.07371925375461169,0.29295,0.22499766133455545,0.2705837756602252,0.33062384505216263
2019-05-28,0.05596953271028037,0.09093055517558661,0.22147157894736835,0.19605468690666045,0.25201290102337015,0.4080532657348615
2019-05-29,0.00018702865761688838,0.061541366661222265,0.17836509433962253,0.180784161953089,0.07019201343774326,0.2758385200080413
2019-05-30,0.008453433835845892,0.04861833687856564,0.17566601941747564,0.12048509619201371,0.09713603741395367,0.2177009808956918
2019-05-31,0.04867459954233407,0.05385924732791152,0.22462345679012352,0.1894943259758075,0.22823535202303094,0.24127855065739598
2019-06-01,0.01296401515151516,0.0908140824704847,0.3733580645161289,0.3396769393241168,0.11183810058357885,0.4075292836221319
2019-06-02,0.10620758122743677,0.11247561028021319,0.33505535714285717,0.3611986333359101,0.41576185290504925,0.5049791805465704
2019-06-03,0.07430421585160203,0.0694895674842525,0.2066625000000001,0.23566175980517498,0.3117740827589391,0.31159552467283563
2019-06-04,0.10500693641618494,0.09007475101403874,0.32626,0.2970790430345119,0.41184839815854324,0.40420321286403443
2019-06-05,0.04938189655172416,0.09949293013688057,0.25647912087912084,0.3041990317883175,0.23054075892825976,0.4465732891023614
2019-06-06,0.07122202797202792,0.09335184835903386,0.22245689655172407,0.2658996678608747,0.30172781206014154,0.41894606947536267
2019-06-07,0.0756296983758701,0.08215205782028936,0.2570919191919192,0.2748577632384451,0.31609444114253066,0.36856096076268074
2019-06-08,0.057525252525252535,0.1068141123747184,0.20038367346938774,0.24339351125065412,0.2570837088402035,0.47950949105031015
2019-06-09,0.12632452830188678,0.09707376905283749,0.3411108108108108,0.3034465796965797,0.4813322541393935,0.4356900771537686
2019-06-10,0.07825446808510628,0.09981641123556434,0.404213953488372,0.323821002463467,0.32464977522704286,0.4480285511688524
2019-06-11,0.11323906056860328,0.09834738645354608,0.407868965517241,0.32207362561665237,0.4386806844735265,0.4414197692378368
2019-06-12,0.06389823269513993,0.07518328041892104,0.21060230769230778,0.24833984418359423,0.2778561881459115,0.3372101416783637
2019-06-13,0.0627884705882353,0.09241582341146777,0.34317272727272724,0.307409238488784,0.2742389620153707,0.4147351229779484
2019-06-14,0.001547570332480819,0.0583357003731444,0.274620895522388,0.21061570697648127,0.074626645749829,0.26141701418946117
2019-06-15,0.10413389121338915,0.08476814637566278,0.38570754716981137,0.26760536207764973,0.4090027415074033,0.38033010107012694
2019-06-16,0.1321276995305165,0.12571700340934494,0.4011517857142857,0.355337621270099,0.5002474635140872,0.5645489582143457
2019-06-17,0.08967898550724637,0.10080915318607621,0.39696,0.30936028871302323,0.3618875423945027,0.45249465354167295
2019-06-18,0.04022618510158007,0.07052330378138083,0.14692439024390247,0.2005367444772932,0.20069807598287845,0.3162460505492682
2019-06-19,0.12905358851674642,0.09128937570871959,0.411420481927711,0.30283050996503014,0.4902275190430978,0.40966751124308814
2019-06-20,0.016412037037037037,0.08204113730169868,0.29118080808080804,0.26112795501005726,0.12307679289915482,0.36806195657431445
2019-06-21,0.034953280839895025,0.03754725465378822,0.0044900000000000035,0.07855521578289436,0.18351125102234078,0.1678948992968673
2019-06-22,0.02683611111111111,0.08675026883298217,0.3169511111111112,0.2827017913927637,0.15705365414972058,0.3892471835055884
2019-06-23,0.09457830188679246,0.07695423660459039,0.15308200000000002,0.1786688401875902,0.37785667228244896,0.3451772388871611
2019-06-24,0.037484735202492195,0.07795445973501439,0.28925671641791045,0.21950463152055644,0.19176242738859695,0.3496769972521958
2019-06-25,0.09428459214501513,0.07887671174774649,0.3192098591549295,0.22751831697254232,0.3768993368804368,0.3538259826962759
2019-06-26,0.05705348837209301,0.09039259293882783,0.1480663157894737,0.24336541901892805,0.25554601205668215,0.40563310567127453
2019-06-27,0.07851518624641832,0.10518785010201179,0.16685624999999998,0.26790781137265507,0.32549957586443795,0.4721933362416827
2019-06-28,0.054284324324324305,0.12460111153348465,0.2862591397849462,0.3701168845386913,0.2465200302800274,0.55952883455379
2019-06-29,0.13980918918918925,0.11301975189475193,0.40030444444444446,0.2612261503928171,0.525284978258874,0.5074271401140984
2019-06-30,0.05435772727272728,0.10221455686269003,0.24765303030303035,0.21108260636669726,0.246759284315978,0.4588172197348911
2019-07-01,0.06873638743455494,0.0863209330905666,0.41199499999999994,0.3182743762025011,0.2936259640628649,0.38731570737833276
2019-07-02,0.0890038177339901,0.07047995635879523,0.2631780141843972,0.21879623941506535,0.35968685947631085,0.31605104113441934
2019-07-03,0.10676908077994442,0.10198459264106385,0.29347397260273955,0.3171980727447336,0.4175920387088182,0.457782667145128
2019-07-04,0.1440042307692307,0.12724238955488953,0.36760163934426227,0.35682236593097244,0.538958552016367,0.5714112960863091
2019-07-05,0.11463527508090612,0.08212785844209218,0.3176072727272728,0.31375728879706155,0.44323159100234005,0.36845209369976323
2019-07-06,0.12338864864864864,0.10711469931782429,0.37677931034482753,0.4536739158829677,0.4717628693750885,0.48086175793008884
2019-07-07,0.11256368421052636,0.12592116221984648,0.3551,0.29252821289334446,0.4364793216812796,0.5654674185932418
2019-07-08,0.09721492537313431,0.1145557490999189,0.28390579710144914,0.26310291841813593,0.38645064328925777,0.5143372145388821
2019-07-09,0.056956009615384634,0.08409933957221048,0.2564523076923077,0.3041381340881341,0.25522828386633906,0.3773213034159966
2019-07-10,0.14405165094339617,0.08142086164812427,0.34960641025641026,0.24581463241619497,0.5391131162171439,0.36527148865180636
2019-07-11,0.1034281899109793,0.07733915208321736,0.31678490566037737,0.29480468430940127,0.4067025357465906,0.34690887915031804
2019-07-12,0.09770314465408801,0.09262369142573967,0.31327241379310344,0.30263193600324156,0.38804197491746173,0.4156702701542056
2019-07-13,0.12416666666666663,0.12293579613632888,0.34792295081967217,0.33724473955006756,0.47429878863859254,0.55203698932362
2019-07-14,0.04962662337662337,0.07909435395567119,0.15906666666666666,0.19346179386457166,0.23133843643081825,0.35480510157076006
